775964368189784084
775964420621991967
775964426686955520
775965775541567509
775967285408038932
775967333709512724
775967487812173846
775967545643630612
775967571652116481
775967823884320838
775967849947594763
775967944898379786
775972060634546197
775976684070895626
775977217410727937
775977249794949150
775977294262829086
775977366358327306
775977445811290142
775977715195052033
775977927954530304
775977976264261632
775978149774622770
775978172419145768
775978197585231872
775978524267249674
775978539291639808
775978601794633749
775978620132524043
775979501100335104
775979553251655712
775979744641810433
775979776175243275
775980799035572245
777459615532318763
777465938609307668
777466023838351420
777466045878632468
777466343770554390
777467297123663873
778097741951008768
778120175891382273
778144295592919050
778144374252503050
778144627286081546
778145094590267402
778146448164257802
778146943208521750
778148116482359297
778148119446814761
778148122781679637
778148126053761054
778148128598523935
778148138267443200
778148140824920067
778148143795666954
778148146373984257
778148459445223425
778148462621098014
778148465040949250
778148468274626573
778148471043391518
778149538094776370
778149540892770325
778149543723139084
778149779263455272
778149791963807745
778149806086029334
778149815758094376
778149822163058720
778150529826160711
778151095649959947
778174614572236820
778187245630521364
778187950763802636
778189220367433748
778189282983673876
778189365997600788
778190415823110144
778190416997515275
778199880488583188
778212837628837909
778538129095000064
778540559031336980
778542238106910771
778543775676497930
778543825017634816
778545197516455937
782882121961701396
782882171995422720
782883167954010172
782883210371006485
782883365631819787
782883762005475338
782883794549342268
782883805497262080
782883839038586891
782884096519045120
782895470909063218
782897652768440341
782903096291360768
